Frequência (Hz)	Nível (dB)
43,066406	-26,463837
86,132812	-30,870983
129,199219	-23,654446
172,265625	-24,113247
215,332031	-29,246981
258,398438	-32,600407
301,464844	-34,112514
344,531250	-42,093052
387,597656	-44,913460
430,664062	-41,015617
473,730469	-36,542797
516,796875	-32,136036
559,863281	-26,577360
602,929688	-26,318567
645,996094	-27,458725
689,062500	-28,198618
732,128906	-33,140255
775,195312	-33,957214
818,261719	-31,321669
861,328125	-32,694546
904,394531	-29,444176
947,460938	-25,492016
990,527344	-25,837332
1033,593750	-26,012775
1076,660156	-25,867975
1119,726562	-27,611286
1162,792969	-32,853554
1205,859375	-32,098469
1248,925781	-30,678596
1291,992188	-33,760246
1335,058594	-39,410240
1378,125000	-41,039696
1421,191406	-42,153843
1464,257812	-42,018646
1507,324219	-40,887283
1550,390625	-43,616833
1593,457031	-43,465172
1636,523438	-42,410027
1679,589844	-43,237026
1722,656250	-42,617950
1765,722656	-41,609356
1808,789062	-42,427979
1851,855469	-43,915829
1894,921875	-44,268230
1937,988281	-45,061447
1981,054688	-46,978832
2024,121094	-48,988449
2067,187500	-50,000637
2110,253906	-53,006893
2153,320312	-54,495934
2196,386719	-54,413647
2239,453125	-56,209354
2282,519531	-57,648605
2325,585938	-57,186474
2368,652344	-59,899879
2411,718750	-59,559143
2454,785156	-57,864376
2497,851562	-57,884804
2540,917969	-58,880592
2583,984375	-60,670727
2627,050781	-61,245728
2670,117188	-60,885574
2713,183594	-60,616158
2756,250000	-60,498806
2799,316406	-58,479507
2842,382812	-57,941616
2885,449219	-56,554150
2928,515625	-54,673027
2971,582031	-53,174095
3014,648438	-52,661270
3057,714844	-51,858273
3100,781250	-50,267895
3143,847656	-49,998611
3186,914062	-49,032188
3229,980469	-49,912891
3273,046875	-49,119339
3316,113281	-49,634502
3359,179688	-48,836670
3402,246094	-49,177826
3445,312500	-48,734070
3488,378906	-48,950531
3531,445312	-48,326843
3574,511719	-47,789043
3617,578125	-47,892101
3660,644531	-46,958942
3703,710938	-47,085823
3746,777344	-47,322781
3789,843750	-48,765575
3832,910156	-49,123959
3875,976562	-48,087601
3919,042969	-48,026337
3962,109375	-50,032509
4005,175781	-51,126415
4048,242188	-51,244991
4091,308594	-51,384060
4134,375000	-52,158840
4177,441406	-51,881989
4220,507812	-51,015568
4263,574219	-51,586155
4306,640625	-51,526245
4349,707031	-51,289841
4392,773438	-51,919968
4435,839844	-52,491066
4478,906250	-53,006721
4521,972656	-53,028259
4565,039062	-52,501656
4608,105469	-52,209618
4651,171875	-52,604664
4694,238281	-50,994701
4737,304688	-50,553234
4780,371094	-50,179771
4823,437500	-49,480404
4866,503906	-49,584614
4909,570312	-48,996544
4952,636719	-49,472095
4995,703125	-48,055168
5038,769531	-47,665329
5081,835938	-47,820229
5124,902344	-47,379333
5167,968750	-44,625813
5211,035156	-46,299965
5254,101562	-46,711979
5297,167969	-47,329433
5340,234375	-46,656906
5383,300781	-46,310295
5426,367188	-46,548439
5469,433594	-44,903553
5512,500000	-45,475834
5555,566406	-44,683235
5598,632812	-43,488743
5641,699219	-44,523899
5684,765625	-44,169106
5727,832031	-42,985535
5770,898438	-42,018242
5813,964844	-41,679138
5857,031250	-41,772980
5900,097656	-42,003250
5943,164062	-41,663406
5986,230469	-40,599388
6029,296875	-40,719528
6072,363281	-40,791523
6115,429688	-40,834583
6158,496094	-39,498135
6201,562500	-38,548840
6244,628906	-38,659702
6287,695312	-39,034092
6330,761719	-38,212143
6373,828125	-39,689678
6416,894531	-38,867779
6459,960938	-39,436077
6503,027344	-38,457226
6546,093750	-39,691254
6589,160156	-40,108219
6632,226562	-39,559704
6675,292969	-39,525574
6718,359375	-38,870625
6761,425781	-39,111958
6804,492188	-39,718903
6847,558594	-40,615231
6890,625000	-40,824661
6933,691406	-39,863567
6976,757812	-40,790943
7019,824219	-40,897064
7062,890625	-42,016575
7105,957031	-40,629322
7149,023438	-41,047756
7192,089844	-41,453945
7235,156250	-40,580750
7278,222656	-40,139881
7321,289062	-40,789375
7364,355469	-43,172493
7407,421875	-43,192703
7450,488281	-44,054852
7493,554688	-45,017830
7536,621094	-45,713867
7579,687500	-44,839077
7622,753906	-44,140724
7665,820312	-43,597641
7708,886719	-43,456448
7751,953125	-45,567818
7795,019531	-45,860092
7838,085938	-45,310875
7881,152344	-44,874340
7924,218750	-44,478466
7967,285156	-42,941330
8010,351562	-44,162468
8053,417969	-45,239769
8096,484375	-45,460876
8139,550781	-45,571293
8182,617188	-45,405403
8225,683594	-45,817619
8268,750000	-45,238789
8311,816406	-44,222580
8354,882812	-46,240379
8397,949219	-44,794910
8441,015625	-44,716175
8484,082031	-45,261158
8527,148438	-46,492321
8570,214844	-46,205780
8613,281250	-44,390160
8656,347656	-45,439186
8699,414062	-45,989864
8742,480469	-45,652325
8785,546875	-45,701809
8828,613281	-46,130219
8871,679688	-44,729446
8914,746094	-43,113834
8957,812500	-44,481514
9000,878906	-45,932976
9043,945312	-48,063217
9087,011719	-49,385120
9130,078125	-47,280464
9173,144531	-46,443352
9216,210938	-45,121151
9259,277344	-44,093716
9302,343750	-45,932701
9345,410156	-47,216293
9388,476562	-46,093632
9431,542969	-47,289879
9474,609375	-47,262955
9517,675781	-48,552155
9560,742188	-48,013645
9603,808594	-45,689209
9646,875000	-45,713097
9689,941406	-44,518391
9733,007812	-46,359974
9776,074219	-45,953835
9819,140625	-46,703571
9862,207031	-45,471008
9905,273438	-45,431873
9948,339844	-45,646603
9991,406250	-44,111118
10034,472656	-44,763218
10077,539062	-43,229797
10120,605469	-42,334728
10163,671875	-42,569275
10206,738281	-42,998573
10249,804688	-43,856945
10292,871094	-46,255531
10335,937500	-45,075851
10379,003906	-45,039288
10422,070312	-46,649624
10465,136719	-45,176254
10508,203125	-46,400646
10551,269531	-47,007420
10594,335938	-48,004963
10637,402344	-47,804546
10680,468750	-45,569847
10723,535156	-46,178047
10766,601562	-46,856094
10809,667969	-46,005043
10852,734375	-45,154999
10895,800781	-45,037766
10938,867188	-44,149677
10981,933594	-44,677128
11025,000000	-43,883640
11068,066406	-44,159981
11111,132812	-45,529587
11154,199219	-45,771107
11197,265625	-44,171772
11240,332031	-43,794064
11283,398438	-44,633427
11326,464844	-44,891178
11369,531250	-45,795815
11412,597656	-45,871574
11455,664062	-45,291569
11498,730469	-45,613220
11541,796875	-45,780842
11584,863281	-45,331707
11627,929688	-44,314266
11670,996094	-45,269733
11714,062500	-50,394257
11757,128906	-48,728554
11800,195312	-47,537476
11843,261719	-47,499046
11886,328125	-49,321793
11929,394531	-50,875450
11972,460938	-52,949436
12015,527344	-50,978245
12058,593750	-48,402027
12101,660156	-49,940575
12144,726562	-49,029037
12187,792969	-49,903706
12230,859375	-50,681953
12273,925781	-51,284218
12316,992188	-52,179226
12360,058594	-53,603954
12403,125000	-54,320103
12446,191406	-55,033138
12489,257812	-52,435223
12532,324219	-50,972301
12575,390625	-51,668495
12618,457031	-51,774982
12661,523438	-52,507011
12704,589844	-52,509518
12747,656250	-52,268501
12790,722656	-51,621941
12833,789062	-53,871002
12876,855469	-55,061432
12919,921875	-55,374889
12962,988281	-56,349735
13006,054688	-54,207703
13049,121094	-54,764549
13092,187500	-56,736202
13135,253906	-55,977329
13178,320312	-55,010788
13221,386719	-55,841927
13264,453125	-56,852833
13307,519531	-56,933228
13350,585938	-56,834755
13393,652344	-58,738605
13436,718750	-58,537861
13479,785156	-58,437664
13522,851562	-58,527203
13565,917969	-58,346832
13608,984375	-59,547260
13652,050781	-58,593521
13695,117188	-57,750076
13738,183594	-58,594387
13781,250000	-58,695045
13824,316406	-58,511059
13867,382812	-59,683929
13910,449219	-58,388229
13953,515625	-60,897179
13996,582031	-62,490627
14039,648438	-62,737022
14082,714844	-62,684948
14125,781250	-62,630898
14168,847656	-62,684818
14211,914062	-62,456055
14254,980469	-62,182743
14298,046875	-62,298820
14341,113281	-63,089962
14384,179688	-63,767365
14427,246094	-62,311676
14470,312500	-62,891590
14513,378906	-63,194656
14556,445312	-61,838009
14599,511719	-62,395744
14642,578125	-63,250446
14685,644531	-64,649796
14728,710938	-63,924049
14771,777344	-63,236210
14814,843750	-63,987827
14857,910156	-65,624771
14900,976562	-64,665169
14944,042969	-62,648148
14987,109375	-62,118427
15030,175781	-63,423218
15073,242188	-64,463310
15116,308594	-65,926788
15159,375000	-66,155151
15202,441406	-66,325592
15245,507812	-66,667976
15288,574219	-65,751022
15331,640625	-65,929352
15374,707031	-64,724762
15417,773438	-65,360435
15460,839844	-67,367317
15503,906250	-66,781723
15546,972656	-66,287506
15590,039062	-67,099869
15633,105469	-66,898926
15676,171875	-66,013481
15719,238281	-65,131218
15762,304688	-66,089172
15805,371094	-66,960075
15848,437500	-65,206650
15891,503906	-64,816376
15934,570312	-66,439743
15977,636719	-66,678047
16020,703125	-65,815613
16063,769531	-65,795059
16106,835938	-66,161842
16149,902344	-66,211021
16192,968750	-65,723274
16236,035156	-68,195663
16279,101562	-68,669563
16322,167969	-67,435898
16365,234375	-67,116531
16408,300781	-66,598694
16451,367188	-66,085152
16494,433594	-65,743507
16537,500000	-65,039574
16580,566406	-64,862350
16623,632812	-65,915352
16666,699219	-65,123756
16709,765625	-66,163300
16752,832031	-65,365250
16795,898438	-64,385330
16838,964844	-63,904995
16882,031250	-63,370178
16925,097656	-63,661438
16968,164062	-63,444435
17011,230469	-63,274155
17054,296875	-63,178444
17097,363281	-64,478226
17140,429688	-63,751453
17183,496094	-62,584019
17226,562500	-62,069351
17269,628906	-61,079578
17312,695312	-60,242653
17355,761719	-60,852173
17398,828125	-60,423622
17441,894531	-61,590046
17484,960938	-61,459175
17528,027344	-60,574650
17571,093750	-60,602909
17614,160156	-60,348213
17657,226562	-59,097298
17700,292969	-58,543865
17743,359375	-57,419525
17786,425781	-56,888863
17829,492188	-56,940853
17872,558594	-57,854233
17915,625000	-57,714474
17958,691406	-57,018978
18001,757812	-56,104641
18044,824219	-54,914429
18087,890625	-55,067696
18130,957031	-53,838135
18174,023438	-54,234325
18217,089844	-54,439739
18260,156250	-54,818714
18303,222656	-54,592403
18346,289062	-54,851414
18389,355469	-54,898083
18432,421875	-55,291737
18475,488281	-53,808163
18518,554688	-53,537487
18561,621094	-51,867298
18604,687500	-49,452160
18647,753906	-48,726234
18690,820312	-48,286396
18733,886719	-51,053356
18776,953125	-49,939583
18820,019531	-48,781067
18863,085938	-49,519463
18906,152344	-48,703911
18949,218750	-50,258934
18992,285156	-50,164169
19035,351562	-48,819878
19078,417969	-48,180691
19121,484375	-46,530769
19164,550781	-46,761845
19207,617188	-48,037605
19250,683594	-45,587135
19293,750000	-46,827736
19336,816406	-45,349987
19379,882812	-44,133541
19422,949219	-45,732521
19466,015625	-47,241982
19509,082031	-45,702740
19552,148438	-44,487358
19595,214844	-44,820522
19638,281250	-44,791233
19681,347656	-44,959602
19724,414062	-45,289688
19767,480469	-45,747086
19810,546875	-45,575333
19853,613281	-44,374313
19896,679688	-43,410816
19939,746094	-44,614857
19982,812500	-44,047413
20025,878906	-43,246140
20068,945312	-41,474636
20112,011719	-42,536354
20155,078125	-43,291100
20198,144531	-43,955936
20241,210938	-43,917759
20284,277344	-43,424007
20327,343750	-42,949841
20370,410156	-42,530041
20413,476562	-41,681080
20456,542969	-41,917862
20499,609375	-41,966618
20542,675781	-41,636776
20585,742188	-41,202839
20628,808594	-42,229778
20671,875000	-43,361599
20714,941406	-42,159740
20758,007812	-41,336288
20801,074219	-42,088047
20844,140625	-41,375755
20887,207031	-41,382233
20930,273438	-41,459576
20973,339844	-41,254261
21016,406250	-41,179447
21059,472656	-41,543930
21102,539062	-41,410500
21145,605469	-39,607273
21188,671875	-39,779202
21231,738281	-41,208942
21274,804688	-39,927822
21317,871094	-40,200802
21360,937500	-40,980083
21404,003906	-39,983173
21447,070312	-40,703987
21490,136719	-41,276310
21533,203125	-40,274975
21576,269531	-40,332863
21619,335938	-39,535904
21662,402344	-40,734898
21705,468750	-40,534267
21748,535156	-41,660767
21791,601562	-40,943260
21834,667969	-39,642849
21877,734375	-39,662342
21920,800781	-39,332695
21963,867188	-39,973373
22006,933594	-39,846554
